version https://git-lfs.github.com/spec/v1
oid sha256:db020ef9f707f54c7656087b682d166bbe072c459ede78c34cb595d4919bb261
size 6690
